{
 "cells": [
  {
   "cell_type": "markdown",
   "metadata": {
    "collapsed": true,
    "pycharm": {
     "name": "#%% md\n"
    }
   },
   "source": [
    "## Import libraries"
   ]
  },
  {
   "cell_type": "code",
   "execution_count": 76,
   "outputs": [],
   "source": [
    "import sys\n",
    "\n",
    "sys.path.append(\"/home/jovyan/work/sem-covid/\")\n",
    "sys.path = list(set(sys.path))\n",
    "import os\n",
    "\n",
    "os.getcwd()\n",
    "os.chdir('/home/jovyan/work/sem-covid/')\n",
    "from sem_covid.services.store_registry import store_registry\n",
    "from sem_covid import config\n",
    "from sem_covid.services.model_registry import EmbeddingModelRegistry, embedding_registry\n",
    "\n",
    "from sem_covid.services.model_registry import EmbeddingModelRegistryABC\n",
    "from typing import Any\n",
    "import numpy as np\n",
    "from scipy.spatial import distance\n",
    "import pandas as pd\n",
    "\n",
    "import plotly.express as px\n",
    "from plotly.graph_objs import Layout\n",
    "from plotly.graph_objs.layout import XAxis, YAxis\n",
    "import datetime\n",
    "from sklearn.metrics.pairwise import cosine_similarity, euclidean_distances\n",
    "from numpy import mean"
   ],
   "metadata": {
    "collapsed": false,
    "pycharm": {
     "name": "#%%\n"
    }
   }
  },
  {
   "cell_type": "code",
   "execution_count": 21,
   "outputs": [],
   "source": [
    "UNIFIED_DATASET = 'ds_unified_datasets'"
   ],
   "metadata": {
    "collapsed": false,
    "pycharm": {
     "name": "#%%\n"
    }
   }
  },
  {
   "cell_type": "code",
   "execution_count": 7,
   "outputs": [],
   "source": [
    "es_store = store_registry.es_index_store()"
   ],
   "metadata": {
    "collapsed": false,
    "pycharm": {
     "name": "#%%\n"
    }
   }
  },
  {
   "cell_type": "code",
   "execution_count": 22,
   "outputs": [
    {
     "name": "stderr",
     "output_type": "stream",
     "text": [
      "100% (1368 of 1368) |####################| Elapsed Time: 0:00:00 Time:  0:00:00\n",
      "100% (4126 of 4126) |####################| Elapsed Time: 0:00:00 Time:  0:00:00\n"
     ]
    }
   ],
   "source": [
    "pwdb_df = es_store.get_dataframe(index_name=config.PWDB_ELASTIC_SEARCH_INDEX_NAME)\n",
    "unified_df = es_store.get_dataframe(index_name=UNIFIED_DATASET)"
   ],
   "metadata": {
    "collapsed": false,
    "pycharm": {
     "name": "#%%\n"
    }
   }
  },
  {
   "cell_type": "code",
   "execution_count": 207,
   "outputs": [],
   "source": [
    "emb_model = embedding_registry.doc2vec_tfidf_weight_avg()"
   ],
   "metadata": {
    "collapsed": false,
    "pycharm": {
     "name": "#%%\n"
    }
   }
  },
  {
   "cell_type": "code",
   "execution_count": 63,
   "outputs": [],
   "source": [
    "unified_df = pd.DataFrame(unified_df[unified_df.Document_source=='pwdb'])"
   ],
   "metadata": {
    "collapsed": false,
    "pycharm": {
     "name": "#%%\n"
    }
   }
  },
  {
   "cell_type": "code",
   "execution_count": 64,
   "outputs": [],
   "source": [
    "unified_df['text'] = unified_df[['Title', 'Content']].agg(' '.join, axis=1)"
   ],
   "metadata": {
    "collapsed": false,
    "pycharm": {
     "name": "#%%\n"
    }
   }
  },
  {
   "cell_type": "code",
   "execution_count": 208,
   "outputs": [],
   "source": [
    "unified_df['emb'] = emb_model.encode(unified_df['text'].values)"
   ],
   "metadata": {
    "collapsed": false,
    "pycharm": {
     "name": "#%%\n"
    }
   }
  },
  {
   "cell_type": "code",
   "execution_count": 10,
   "outputs": [],
   "source": [
    "countries = list(set(pwdb_df.country.values))"
   ],
   "metadata": {
    "collapsed": false,
    "pycharm": {
     "name": "#%%\n"
    }
   }
  },
  {
   "cell_type": "code",
   "execution_count": 57,
   "outputs": [],
   "source": [
    "n = len(countries)\n",
    "sim_matrix = np.zeros((n, n))"
   ],
   "metadata": {
    "collapsed": false,
    "pycharm": {
     "name": "#%%\n"
    }
   }
  },
  {
   "cell_type": "code",
   "execution_count": 68,
   "outputs": [],
   "source": [
    "def prepare_df(unified_df: pd.DataFrame,\n",
    "               full_df: pd.DataFrame,\n",
    "               column_filter_name: str,\n",
    "               column_filter_value: Any\n",
    "               ):\n",
    "    search_index = full_df[full_df[column_filter_name] == column_filter_value].index.values\n",
    "    result_df = pd.DataFrame(unified_df[unified_df.index.isin(search_index)])\n",
    "    return result_df"
   ],
   "metadata": {
    "collapsed": false,
    "pycharm": {
     "name": "#%%\n"
    }
   }
  },
  {
   "cell_type": "code",
   "execution_count": 174,
   "outputs": [],
   "source": [
    "def top_k_mean(data:np.array,top_k: int):\n",
    "    tmp_data = data.copy().tolist()\n",
    "    tmp_data.sort(reverse=True)\n",
    "    return mean(tmp_data[:top_k] + [0] * (top_k - len(data)))\n"
   ],
   "metadata": {
    "collapsed": false,
    "pycharm": {
     "name": "#%%\n"
    }
   }
  },
  {
   "cell_type": "code",
   "execution_count": 209,
   "outputs": [],
   "source": [
    "for i in range(0, len(countries)):\n",
    "    sim_matrix[i][i] = 0\n",
    "    for j in range(i + 1, len(countries)):\n",
    "        df_x = prepare_df(unified_df=unified_df,\n",
    "                          full_df=pwdb_df,\n",
    "                          column_filter_name='country',\n",
    "                          column_filter_value=countries[i]\n",
    "                          )\n",
    "        df_y = prepare_df(unified_df=unified_df,\n",
    "                          full_df=pwdb_df,\n",
    "                          column_filter_name='country',\n",
    "                          column_filter_value=countries[j]\n",
    "                          )\n",
    "        tmp_sim_matrix = cosine_similarity(df_x['emb'].values.tolist(),\n",
    "                                          df_y['emb'].values.tolist())\n",
    "        sim_mean = top_k_mean(tmp_sim_matrix[np.triu_indices_from(tmp_sim_matrix,k=1)],50)\n",
    "        sim_matrix[i][j] = sim_matrix[j][i] = sim_mean"
   ],
   "metadata": {
    "collapsed": false,
    "pycharm": {
     "name": "#%%\n"
    }
   }
  },
  {
   "cell_type": "code",
   "execution_count": 79,
   "outputs": [],
   "source": [
    "from sklearn.preprocessing import minmax_scale"
   ],
   "metadata": {
    "collapsed": false,
    "pycharm": {
     "name": "#%%\n"
    }
   }
  },
  {
   "cell_type": "code",
   "execution_count": 203,
   "outputs": [],
   "source": [
    "sim_matrix = minmax_scale(sim_matrix,feature_range=(0,1))"
   ],
   "metadata": {
    "collapsed": false,
    "pycharm": {
     "name": "#%%\n"
    }
   }
  },
  {
   "cell_type": "code",
   "execution_count": 179,
   "outputs": [],
   "source": [
    "sim_matrix = 1/(1+sim_matrix)"
   ],
   "metadata": {
    "collapsed": false,
    "pycharm": {
     "name": "#%%\n"
    }
   }
  },
  {
   "cell_type": "code",
   "execution_count": 130,
   "outputs": [],
   "source": [
    "np.fill_diagonal(sim_matrix,np.min(sim_matrix))"
   ],
   "metadata": {
    "collapsed": false,
    "pycharm": {
     "name": "#%%\n"
    }
   }
  },
  {
   "cell_type": "code",
   "execution_count": 210,
   "outputs": [
    {
     "data": {
      "application/vnd.plotly.v1+json": {
       "config": {
        "plotlyServerURL": "https://plot.ly"
       },
       "data": [
        {
         "coloraxis": "coloraxis",
         "hovertemplate": "x: %{x}<br>y: %{y}<br>Semantic similarity: %{z}<extra></extra>",
         "name": "0",
         "type": "heatmap",
         "x": [
          "Belgium",
          "Netherlands",
          "Sweden",
          "Austria",
          "Poland",
          "Greece",
          "Ireland",
          "European Union",
          "Spain",
          "Romania",
          "Luxembourg",
          "United Kingdom",
          "Latvia",
          "Czechia",
          "Lithuania",
          "Germany",
          "Cyprus",
          "Croatia",
          "France",
          "Slovakia",
          "Hungary",
          "Italy",
          "Bulgaria",
          "Finland",
          "Denmark",
          "Portugal",
          "Estonia",
          "Slovenia",
          "Norway",
          "Malta"
         ],
         "xaxis": "x",
         "y": [
          "Belgium",
          "Netherlands",
          "Sweden",
          "Austria",
          "Poland",
          "Greece",
          "Ireland",
          "European Union",
          "Spain",
          "Romania",
          "Luxembourg",
          "United Kingdom",
          "Latvia",
          "Czechia",
          "Lithuania",
          "Germany",
          "Cyprus",
          "Croatia",
          "France",
          "Slovakia",
          "Hungary",
          "Italy",
          "Bulgaria",
          "Finland",
          "Denmark",
          "Portugal",
          "Estonia",
          "Slovenia",
          "Norway",
          "Malta"
         ],
         "yaxis": "y",
         "z": [
          [
           0.0,
           0.5254605305724085,
           0.5066587701565628,
           0.5585030990730937,
           0.48742423046872596,
           0.5408228911573234,
           0.5438368117493944,
           0.3668336917901801,
           0.5693566652019907,
           0.5289973257691742,
           0.5261660946643792,
           0.5247261997204095,
           0.5066307031509835,
           0.510798790635581,
           0.5468090362629208,
           0.5462892702217127,
           0.5089062868439089,
           0.47877413845490246,
           0.5544588658889641,
           0.5327049260681198,
           0.5284004248427515,
           0.5155444052269242,
           0.5225019935480444,
           0.5770700121890798,
           0.5242208688277858,
           0.5409260173147425,
           0.4390424098812393,
           0.5393097513182125,
           0.5314257311851686,
           0.5226420769110041
          ],
          [
           0.5254605305724085,
           0.0,
           0.45020021581790187,
           0.5345451706062663,
           0.4709422840283802,
           0.526152734064457,
           0.5450968548246778,
           0.37407856028034386,
           0.5319077653829641,
           0.4920528671784664,
           0.5087487330074315,
           0.5047639034814679,
           0.4809498261328451,
           0.4800619426006114,
           0.4956731707527134,
           0.5707097555563796,
           0.5155231042723848,
           0.45729874894435274,
           0.5093377224980103,
           0.5266012644022009,
           0.4994725769915915,
           0.5037118049119115,
           0.5003353261470754,
           0.5117937794434653,
           0.48576657618019425,
           0.5022784405093617,
           0.4043368657908115,
           0.5249132988045337,
           0.5174717973837217,
           0.5837339530493567
          ],
          [
           0.5066587701565628,
           0.45020021581790187,
           0.0,
           0.5514542661514095,
           0.49076531974457327,
           0.5278832811406331,
           0.5247902865458273,
           0.3043473901887339,
           0.5255282168381177,
           0.5145285694589561,
           0.5290531774335872,
           0.5404803159780915,
           0.5220888764241688,
           0.5269380133207155,
           0.5292955247261534,
           0.555240341418277,
           0.5014431500934267,
           0.4769623403592261,
           0.5615134018039253,
           0.5381834725462886,
           0.5018750752171749,
           0.5172290563653079,
           0.5045670058126376,
           0.5442040362095831,
           0.5693922760049177,
           0.5279139004723521,
           0.4490665754920918,
           0.5416483908346126,
           0.5416784829475482,
           0.5323786490975057
          ],
          [
           0.5585030990730937,
           0.5345451706062663,
           0.5514542661514095,
           0.0,
           0.49660483591440147,
           0.5949818334703224,
           0.5699184233106359,
           0.3275710001576889,
           0.5546018852639066,
           0.500585933106611,
           0.5435024968473418,
           0.5355202129547787,
           0.5422455634780576,
           0.5570065175311545,
           0.583607235013146,
           0.5760263526851795,
           0.526486909524266,
           0.49453593982599037,
           0.6052012248723004,
           0.5635245875916464,
           0.538922701581004,
           0.5440087533396979,
           0.520096665697705,
           0.5627690934419912,
           0.5396620082168018,
           0.5578647943545993,
           0.4363421268781035,
           0.5458424318395165,
           0.5375104425600205,
           0.5606938992726598
          ],
          [
           0.48742423046872596,
           0.4709422840283802,
           0.49076531974457327,
           0.49660483591440147,
           0.0,
           0.5366660829329527,
           0.5024946576762875,
           0.32683952128379795,
           0.5136407326831722,
           0.45965106921801907,
           0.5041897104624572,
           0.5001695599114949,
           0.49615620705851277,
           0.49931903043942916,
           0.53340059820951,
           0.5322630477790282,
           0.4500509426377415,
           0.45155897821838964,
           0.5274116910131397,
           0.5052996388990265,
           0.4859616832528763,
           0.48806927509678083,
           0.48737201596419505,
           0.48989295799738825,
           0.46843312104883084,
           0.5238091953364935,
           0.37818226248854503,
           0.5328538864883583,
           0.46610446642877235,
           0.5231621634113153
          ],
          [
           0.5408228911573234,
           0.526152734064457,
           0.5278832811406331,
           0.5949818334703224,
           0.5366660829329527,
           0.0,
           0.5543123115765795,
           0.35402362602674087,
           0.6102126882983164,
           0.5743288336271514,
           0.5650001703066154,
           0.5176166095819377,
           0.5617691795620283,
           0.5211471493835638,
           0.5814673778557126,
           0.5656027736307474,
           0.5648452456248875,
           0.5343174323305404,
           0.6567394874867496,
           0.5594290747195756,
           0.5274572562453593,
           0.5811908299825529,
           0.543117446053507,
           0.5585744354911869,
           0.547316271519416,
           0.5991188352550182,
           0.42178159073158505,
           0.5731153450705233,
           0.5333389550502595,
           0.5329847060824187
          ],
          [
           0.5438368117493944,
           0.5450968548246778,
           0.5247902865458273,
           0.5699184233106359,
           0.5024946576762875,
           0.5543123115765795,
           0.0,
           0.36824667165938024,
           0.5527630806474473,
           0.5258266171349875,
           0.5416468081605602,
           0.5979892910981222,
           0.5596057800258916,
           0.5562387577795918,
           0.5794402593165187,
           0.5731639317451039,
           0.5369073593268071,
           0.5017968884006458,
           0.5889952290124532,
           0.5564768242277135,
           0.5360433302646284,
           0.5504999040037549,
           0.5323876539178976,
           0.559554360141394,
           0.5423765380163885,
           0.5529295301755633,
           0.4560548779977713,
           0.573311131661467,
           0.543514532589378,
           0.5690078393674365
          ],
          [
           0.3668336917901801,
           0.37407856028034386,
           0.3043473901887339,
           0.3275710001576889,
           0.32683952128379795,
           0.35402362602674087,
           0.36824667165938024,
           0.0,
           0.4664413990617071,
           0.4102561672594696,
           0.38206624298504155,
           0.38948049678384067,
           0.37502435789162397,
           0.3441285043431152,
           0.4027393643243295,
           0.48869680679851435,
           0.37944590629817326,
           0.3802562237107647,
           0.4775856754793521,
           0.37170764644505655,
           0.3408175417327098,
           0.41913932122746383,
           0.37912785177776365,
           0.39395900628252256,
           0.3903104985110477,
           0.4233437315001304,
           0.2849940431814259,
           0.4100849304913925,
           0.429648326464547,
           0.39291984625941623
          ],
          [
           0.5693566652019907,
           0.5319077653829641,
           0.5255282168381177,
           0.5546018852639066,
           0.5136407326831722,
           0.6102126882983164,
           0.5527630806474473,
           0.4664413990617071,
           0.0,
           0.5228189000087271,
           0.5432762490725651,
           0.4748175021268606,
           0.494868609221827,
           0.46328997096187297,
           0.5390757821916258,
           0.5292494706342972,
           0.5152701121813569,
           0.48163374756858013,
           0.5870517375802793,
           0.5146663666228039,
           0.46937523096878747,
           0.5430809480681029,
           0.48552161920018067,
           0.5462908284683603,
           0.4996102178436451,
           0.5867553605931837,
           0.3385432882664105,
           0.5270580880534876,
           0.5121839972704061,
           0.5134964050936633
          ],
          [
           0.5289973257691742,
           0.4920528671784664,
           0.5145285694589561,
           0.500585933106611,
           0.45965106921801907,
           0.5743288336271514,
           0.5258266171349875,
           0.4102561672594696,
           0.5228189000087271,
           0.0,
           0.5641884855278746,
           0.5535382130721852,
           0.5541946515934767,
           0.5497759992257396,
           0.6010234512137294,
           0.5910225888433416,
           0.5637168893489275,
           0.5417042937139289,
           0.6331895989061176,
           0.5716159954771297,
           0.5402676288452547,
           0.5742348777908459,
           0.577952557119577,
           0.5737881412263689,
           0.5419511255120988,
           0.5717777509148995,
           0.4336480760874744,
           0.5945250683514727,
           0.5348870320882984,
           0.5662197269437724
          ],
          [
           0.5261660946643792,
           0.5087487330074315,
           0.5290531774335872,
           0.5435024968473418,
           0.5041897104624572,
           0.5650001703066154,
           0.5416468081605602,
           0.38206624298504155,
           0.5432762490725651,
           0.5641884855278746,
           0.0,
           0.5413501819050436,
           0.5644328276174858,
           0.5346387320967141,
           0.5864550226366059,
           0.5844894185445432,
           0.550587432166484,
           0.5144203237797804,
           0.6318880028821698,
           0.5664588842811797,
           0.5301691890816307,
           0.5616236084088757,
           0.5375700102516953,
           0.5499330981617692,
           0.5367164561238478,
           0.6035127136692394,
           0.43549985684840276,
           0.5984385395158762,
           0.5555569275230874,
           0.5613192107665469
          ],
          [
           0.5247261997204095,
           0.5047639034814679,
           0.5404803159780915,
           0.5355202129547787,
           0.5001695599114949,
           0.5176166095819377,
           0.5979892910981222,
           0.38948049678384067,
           0.4748175021268606,
           0.5535382130721852,
           0.5413501819050436,
           0.0,
           0.5231464892910558,
           0.5553431870034986,
           0.5947839790456139,
           0.5747624550702501,
           0.5151155075621721,
           0.486755787972942,
           0.5705536862631662,
           0.5509332968862765,
           0.5351319830419491,
           0.518993347456344,
           0.5284828715199172,
           0.5178620978976333,
           0.5275395602799728,
           0.5437171610164362,
           0.40297953942630044,
           0.5613469062382951,
           0.522753861172507,
           0.5909276463326227
          ],
          [
           0.5066307031509835,
           0.4809498261328451,
           0.5220888764241688,
           0.5422455634780576,
           0.49615620705851277,
           0.5617691795620283,
           0.5596057800258916,
           0.37502435789162397,
           0.494868609221827,
           0.5541946515934767,
           0.5644328276174858,
           0.5231464892910558,
           0.0,
           0.5475566599995362,
           0.6274632984873575,
           0.5440834096747549,
           0.5482912025427246,
           0.5356334223171237,
           0.5956660777604696,
           0.5901285286168344,
           0.5615573129739594,
           0.5722022400155495,
           0.538665954030269,
           0.5593117649785017,
           0.5824208229744493,
           0.5949482145614062,
           0.4717645702474732,
           0.5970424508708271,
           0.5704821906388511,
           0.5878563103413402
          ],
          [
           0.510798790635581,
           0.4800619426006114,
           0.5269380133207155,
           0.5570065175311545,
           0.49931903043942916,
           0.5211471493835638,
           0.5562387577795918,
           0.3441285043431152,
           0.46328997096187297,
           0.5497759992257396,
           0.5346387320967141,
           0.5553431870034986,
           0.5475566599995362,
           0.0,
           0.5980779956443953,
           0.5567699579913665,
           0.5040480888964023,
           0.4916369673250209,
           0.5462178376900378,
           0.5336803994729883,
           0.5043613722866571,
           0.502650250390368,
           0.5121097656946507,
           0.5107892309216192,
           0.496093696679632,
           0.5068546359009374,
           0.4214050942784154,
           0.5250048766790613,
           0.5135567797464351,
           0.5595679734734733
          ],
          [
           0.5468090362629208,
           0.4956731707527134,
           0.5292955247261534,
           0.583607235013146,
           0.53340059820951,
           0.5814673778557126,
           0.5794402593165187,
           0.4027393643243295,
           0.5390757821916258,
           0.6010234512137294,
           0.5864550226366059,
           0.5947839790456139,
           0.6274632984873575,
           0.5980779956443953,
           0.0,
           0.596615003341124,
           0.5906751485959189,
           0.5701556656874608,
           0.6401808737185624,
           0.6081898581301437,
           0.5744686718196792,
           0.5805081451032522,
           0.5805804079976952,
           0.5914591541501876,
           0.582992854659111,
           0.6004986998516969,
           0.4805484854705429,
           0.632648870289914,
           0.5728272393599815,
           0.6151762626136782
          ],
          [
           0.5462892702217127,
           0.5707097555563796,
           0.555240341418277,
           0.5760263526851795,
           0.5322630477790282,
           0.5656027736307474,
           0.5731639317451039,
           0.48869680679851435,
           0.5292494706342972,
           0.5910225888433416,
           0.5844894185445432,
           0.5747624550702501,
           0.5440834096747549,
           0.5567699579913665,
           0.596615003341124,
           0.0,
           0.5094867009682851,
           0.518813504963965,
           0.6088986269082175,
           0.569677435807402,
           0.5479273310524022,
           0.5675886902942652,
           0.5373337395985108,
           0.5617633500548689,
           0.5616259493733784,
           0.5639210600080614,
           0.4487690084132048,
           0.586477125435551,
           0.5553752529933977,
           0.567733930935675
          ],
          [
           0.5089062868439089,
           0.5155231042723848,
           0.5014431500934267,
           0.526486909524266,
           0.4500509426377415,
           0.5648452456248875,
           0.5369073593268071,
           0.37944590629817326,
           0.5152701121813569,
           0.5637168893489275,
           0.550587432166484,
           0.5151155075621721,
           0.5482912025427246,
           0.5040480888964023,
           0.5906751485959189,
           0.5094867009682851,
           0.0,
           0.49547164031195934,
           0.5826923774515649,
           0.5574563137753243,
           0.5103808415971596,
           0.5691327331453759,
           0.5392985696820942,
           0.5164294198032011,
           0.5154760361990263,
           0.5614351447296739,
           0.4209036797077749,
           0.5455707163039094,
           0.5230830408891269,
           0.5519390753827091
          ],
          [
           0.47877413845490246,
           0.45729874894435274,
           0.4769623403592261,
           0.49453593982599037,
           0.45155897821838964,
           0.5343174323305404,
           0.5017968884006458,
           0.3802562237107647,
           0.48163374756858013,
           0.5417042937139289,
           0.5144203237797804,
           0.486755787972942,
           0.5356334223171237,
           0.4916369673250209,
           0.5701556656874608,
           0.518813504963965,
           0.49547164031195934,
           0.0,
           0.6455064044826776,
           0.573553294671153,
           0.5612167965230743,
           0.55793569164487,
           0.5843622012211944,
           0.5447525730012459,
           0.5247038235408867,
           0.5858065182745041,
           0.4612997470227892,
           0.5815754333768114,
           0.5101594690336606,
           0.567409449384373
          ],
          [
           0.5544588658889641,
           0.5093377224980103,
           0.5615134018039253,
           0.6052012248723004,
           0.5274116910131397,
           0.6567394874867496,
           0.5889952290124532,
           0.4775856754793521,
           0.5870517375802793,
           0.6331895989061176,
           0.6318880028821698,
           0.5705536862631662,
           0.5956660777604696,
           0.5462178376900378,
           0.6401808737185624,
           0.6088986269082175,
           0.5826923774515649,
           0.6455064044826776,
           0.0,
           0.5703762236253592,
           0.5564146379688855,
           0.6401853227226405,
           0.5886583279035462,
           0.574955536216815,
           0.607648707654034,
           0.6273504692541634,
           0.4609984182906414,
           0.5952099019633126,
           0.5788387371734864,
           0.5723699222156696
          ],
          [
           0.5327049260681198,
           0.5266012644022009,
           0.5381834725462886,
           0.5635245875916464,
           0.5052996388990265,
           0.5594290747195756,
           0.5564768242277135,
           0.37170764644505655,
           0.5146663666228039,
           0.5716159954771297,
           0.5664588842811797,
           0.5509332968862765,
           0.5901285286168344,
           0.5336803994729883,
           0.6081898581301437,
           0.569677435807402,
           0.5574563137753243,
           0.573553294671153,
           0.5703762236253592,
           0.0,
           0.5586590170069907,
           0.5672757364076382,
           0.5557518159919832,
           0.5749812248957075,
           0.5742354251093281,
           0.5936633699870959,
           0.46873660648878046,
           0.6093441199839503,
           0.5746034815912325,
           0.6069691331672709
          ],
          [
           0.5284004248427515,
           0.4994725769915915,
           0.5018750752171749,
           0.538922701581004,
           0.4859616832528763,
           0.5274572562453593,
           0.5360433302646284,
           0.3408175417327098,
           0.46937523096878747,
           0.5402676288452547,
           0.5301691890816307,
           0.5351319830419491,
           0.5615573129739594,
           0.5043613722866571,
           0.5744686718196792,
           0.5479273310524022,
           0.5103808415971596,
           0.5612167965230743,
           0.5564146379688855,
           0.5586590170069907,
           0.0,
           0.5657171572091676,
           0.5857776044250397,
           0.5774434877064074,
           0.5507520189966493,
           0.5638904009099713,
           0.46060211181990257,
           0.6058067355083837,
           0.538407543502385,
           0.6034663245156604
          ],
          [
           0.5155444052269242,
           0.5037118049119115,
           0.5172290563653079,
           0.5440087533396979,
           0.48806927509678083,
           0.5811908299825529,
           0.5504999040037549,
           0.41913932122746383,
           0.5430809480681029,
           0.5742348777908459,
           0.5616236084088757,
           0.518993347456344,
           0.5722022400155495,
           0.502650250390368,
           0.5805081451032522,
           0.5675886902942652,
           0.5691327331453759,
           0.55793569164487,
           0.6401853227226405,
           0.5672757364076382,
           0.5657171572091676,
           0.0,
           0.4858619622972879,
           0.5013882182070541,
           0.48866962727564794,
           0.5730829260950698,
           0.385965788315372,
           0.5178795052311541,
           0.5185185599059473,
           0.48541723569524964
          ],
          [
           0.5225019935480444,
           0.5003353261470754,
           0.5045670058126376,
           0.520096665697705,
           0.48737201596419505,
           0.543117446053507,
           0.5323876539178976,
           0.37912785177776365,
           0.48552161920018067,
           0.577952557119577,
           0.5375700102516953,
           0.5284828715199172,
           0.538665954030269,
           0.5121097656946507,
           0.5805804079976952,
           0.5373337395985108,
           0.5392985696820942,
           0.5843622012211944,
           0.5886583279035462,
           0.5557518159919832,
           0.5857776044250397,
           0.4858619622972879,
           0.0,
           0.5734359659551508,
           0.5412653004865351,
           0.5740100755486082,
           0.43884655187649185,
           0.5760445416717134,
           0.5260388697516294,
           0.6188594879987811
          ],
          [
           0.5770700121890798,
           0.5117937794434653,
           0.5442040362095831,
           0.5627690934419912,
           0.48989295799738825,
           0.5585744354911869,
           0.559554360141394,
           0.39395900628252256,
           0.5462908284683603,
           0.5737881412263689,
           0.5499330981617692,
           0.5178620978976333,
           0.5593117649785017,
           0.5107892309216192,
           0.5914591541501876,
           0.5617633500548689,
           0.5164294198032011,
           0.5447525730012459,
           0.574955536216815,
           0.5749812248957075,
           0.5774434877064074,
           0.5013882182070541,
           0.5734359659551508,
           0.0,
           0.5714311505166514,
           0.5767203844350124,
           0.4727237677328307,
           0.5719155541035189,
           0.5721918304048659,
           0.535720382547931
          ],
          [
           0.5242208688277858,
           0.48576657618019425,
           0.5693922760049177,
           0.5396620082168018,
           0.46843312104883084,
           0.547316271519416,
           0.5423765380163885,
           0.3903104985110477,
           0.4996102178436451,
           0.5419511255120988,
           0.5367164561238478,
           0.5275395602799728,
           0.5824208229744493,
           0.496093696679632,
           0.582992854659111,
           0.5616259493733784,
           0.5154760361990263,
           0.5247038235408867,
           0.607648707654034,
           0.5742354251093281,
           0.5507520189966493,
           0.48866962727564794,
           0.5412653004865351,
           0.5714311505166514,
           0.0,
           0.5590959389229222,
           0.48326810084753186,
           0.5856822270289306,
           0.5898395873722793,
           0.578530113233677
          ],
          [
           0.5409260173147425,
           0.5022784405093617,
           0.5279139004723521,
           0.5578647943545993,
           0.5238091953364935,
           0.5991188352550182,
           0.5529295301755633,
           0.4233437315001304,
           0.5867553605931837,
           0.5717777509148995,
           0.6035127136692394,
           0.5437171610164362,
           0.5949482145614062,
           0.5068546359009374,
           0.6004986998516969,
           0.5639210600080614,
           0.5614351447296739,
           0.5858065182745041,
           0.6273504692541634,
           0.5936633699870959,
           0.5638904009099713,
           0.5730829260950698,
           0.5740100755486082,
           0.5767203844350124,
           0.5590959389229222,
           0.0,
           0.3673643539887651,
           0.5236192837198702,
           0.4779614016895938,
           0.4998223073565055
          ],
          [
           0.4390424098812393,
           0.4043368657908115,
           0.4490665754920918,
           0.4363421268781035,
           0.37818226248854503,
           0.42178159073158505,
           0.4560548779977713,
           0.2849940431814259,
           0.3385432882664105,
           0.4336480760874744,
           0.43549985684840276,
           0.40297953942630044,
           0.4717645702474732,
           0.4214050942784154,
           0.4805484854705429,
           0.4487690084132048,
           0.4209036797077749,
           0.4612997470227892,
           0.4609984182906414,
           0.46873660648878046,
           0.46060211181990257,
           0.385965788315372,
           0.43884655187649185,
           0.4727237677328307,
           0.48326810084753186,
           0.3673643539887651,
           0.0,
           0.5873023908194586,
           0.5561211156296411,
           0.5739913509026515
          ],
          [
           0.5393097513182125,
           0.5249132988045337,
           0.5416483908346126,
           0.5458424318395165,
           0.5328538864883583,
           0.5731153450705233,
           0.573311131661467,
           0.4100849304913925,
           0.5270580880534876,
           0.5945250683514727,
           0.5984385395158762,
           0.5613469062382951,
           0.5970424508708271,
           0.5250048766790613,
           0.632648870289914,
           0.586477125435551,
           0.5455707163039094,
           0.5815754333768114,
           0.5952099019633126,
           0.6093441199839503,
           0.6058067355083837,
           0.5178795052311541,
           0.5760445416717134,
           0.5719155541035189,
           0.5856822270289306,
           0.5236192837198702,
           0.5873023908194586,
           0.0,
           0.5809746838719555,
           0.6074645060897356
          ],
          [
           0.5314257311851686,
           0.5174717973837217,
           0.5416784829475482,
           0.5375104425600205,
           0.46610446642877235,
           0.5333389550502595,
           0.543514532589378,
           0.429648326464547,
           0.5121839972704061,
           0.5348870320882984,
           0.5555569275230874,
           0.522753861172507,
           0.5704821906388511,
           0.5135567797464351,
           0.5728272393599815,
           0.5553752529933977,
           0.5230830408891269,
           0.5101594690336606,
           0.5788387371734864,
           0.5746034815912325,
           0.538407543502385,
           0.5185185599059473,
           0.5260388697516294,
           0.5721918304048659,
           0.5898395873722793,
           0.4779614016895938,
           0.5561211156296411,
           0.5809746838719555,
           0.0,
           0.5419955133480845
          ],
          [
           0.5226420769110041,
           0.5837339530493567,
           0.5323786490975057,
           0.5606938992726598,
           0.5231621634113153,
           0.5329847060824187,
           0.5690078393674365,
           0.39291984625941623,
           0.5134964050936633,
           0.5662197269437724,
           0.5613192107665469,
           0.5909276463326227,
           0.5878563103413402,
           0.5595679734734733,
           0.6151762626136782,
           0.567733930935675,
           0.5519390753827091,
           0.567409449384373,
           0.5723699222156696,
           0.6069691331672709,
           0.6034663245156604,
           0.48541723569524964,
           0.6188594879987811,
           0.535720382547931,
           0.578530113233677,
           0.4998223073565055,
           0.5739913509026515,
           0.6074645060897356,
           0.5419955133480845,
           0.0
          ]
         ]
        }
       ],
       "layout": {
        "coloraxis": {
         "colorbar": {
          "title": {
           "text": "Semantic similarity"
          }
         },
         "colorscale": [
          [
           0.0,
           "#0d0887"
          ],
          [
           0.1111111111111111,
           "#46039f"
          ],
          [
           0.2222222222222222,
           "#7201a8"
          ],
          [
           0.3333333333333333,
           "#9c179e"
          ],
          [
           0.4444444444444444,
           "#bd3786"
          ],
          [
           0.5555555555555556,
           "#d8576b"
          ],
          [
           0.6666666666666666,
           "#ed7953"
          ],
          [
           0.7777777777777778,
           "#fb9f3a"
          ],
          [
           0.8888888888888888,
           "#fdca26"
          ],
          [
           1.0,
           "#f0f921"
          ]
         ]
        },
        "height": 700,
        "margin": {
         "t": 60
        },
        "template": {
         "data": {
          "bar": [
           {
            "error_x": {
             "color": "#2a3f5f"
            },
            "error_y": {
             "color": "#2a3f5f"
            },
            "marker": {
             "line": {
              "color": "#E5ECF6",
              "width": 0.5
             }
            },
            "type": "bar"
           }
          ],
          "barpolar": [
           {
            "marker": {
             "line": {
              "color": "#E5ECF6",
              "width": 0.5
             }
            },
            "type": "barpolar"
           }
          ],
          "carpet": [
           {
            "aaxis": {
             "endlinecolor": "#2a3f5f",
             "gridcolor": "white",
             "linecolor": "white",
             "minorgridcolor": "white",
             "startlinecolor": "#2a3f5f"
            },
            "baxis": {
             "endlinecolor": "#2a3f5f",
             "gridcolor": "white",
             "linecolor": "white",
             "minorgridcolor": "white",
             "startlinecolor": "#2a3f5f"
            },
            "type": "carpet"
           }
          ],
          "choropleth": [
           {
            "colorbar": {
             "outlinewidth": 0,
             "ticks": ""
            },
            "type": "choropleth"
           }
          ],
          "contour": [
           {
            "colorbar": {
             "outlinewidth": 0,
             "ticks": ""
            },
            "colorscale": [
             [
              0.0,
              "#0d0887"
             ],
             [
              0.1111111111111111,
              "#46039f"
             ],
             [
              0.2222222222222222,
              "#7201a8"
             ],
             [
