{
 "cells": [
  {
   "cell_type": "markdown",
   "metadata": {
    "collapsed": true,
    "pycharm": {
     "name": "#%% md\n"
    }
   },
   "source": [
    "## Word2vec model training\n",
    "#### Model training based on three datasets' text data:\n",
    "- M1: pwdb + eu_timeline  ( +  ireland_timeline )\n",
    "- M2: ds_eu_cellar\n",
    "- M3: M1+M2\n",
    "\n",
    "#### Extract NOUN and NOUN PHRASES from each text data\n",
    "#### Train the word2vec model with each dataset's textual data"
   ]
  },
  {
   "cell_type": "markdown",
   "source": [
    "### Import libraries"
   ],
   "metadata": {
    "collapsed": false,
    "pycharm": {
     "name": "#%% md\n"
    }
   }
  },
  {
   "cell_type": "code",
   "execution_count": 102,
   "outputs": [],
   "source": [
    "import sys\n",
    "\n",
    "import numpy as np\n",
    "\n",
    "sys.path.append(\"/home/jovyan/work/sem-covid/\")\n",
    "sys.path = list(set(sys.path))\n",
    "\n",
    "import os\n",
    "\n",
    "os.getcwd()\n",
    "os.chdir('/home/jovyan/work/sem-covid/')\n",
    "\n",
    "import warnings\n",
    "\n",
    "warnings.filterwarnings(\"ignore\", category=DeprecationWarning)\n",
    "\n",
    "from typing import List, Tuple\n",
    "\n",
    "import spacy\n",
    "\n",
    "nlp = spacy.load('en_core_web_sm')\n",
    "\n",
    "import pandas as pd\n",
    "from gensim.models import Word2Vec\n",
    "import plotly.express as px\n",
    "\n",
    "from sem_covid.services.data_registry import Dataset\n",
    "from sem_covid.adapters.data_source import IndexTabularDataSource\n",
    "\n",
    "from sem_covid.entrypoints.notebooks.topic_modeling.topic_modeling_wrangling.token_management import (filter_pos,\n",
    "    select_pos, filter_pos, filter_stop_words)\n",
    "\n",
    "from sem_covid.services.sc_wrangling.data_cleaning import (clean_text_from_specific_characters, clean_fix_unicode,\n",
    "                                                           clean_remove_currency_symbols, clean_remove_emails,\n",
    "                                                           clean_remove_urls, clean_remove_stopwords)\n",
    "\n",
    "from sem_covid.entrypoints.notebooks.language_modeling.language_model_tools.similarity_calculus import (\n",
    "    euclidean_similarity, manhattan_similarity, cosine_similarity, get_similarity_matrix)\n",
    "\n",
    "from sem_covid.entrypoints.notebooks.language_modeling.language_model_tools.document_handling_tools import(\n",
    "    document_atomization_noun_phrases)\n",
    "\n",
    "from sem_covid.entrypoints.notebooks.language_modeling.language_model_tools.word_embeddings_handler import (\n",
    "    select_words_and_embedding_clusters, create_tsne_model, create_word_clusters_matrix)"
   ],
   "metadata": {
    "collapsed": false,
    "pycharm": {
     "name": "#%%\n"
    }
   }
  },
  {
   "cell_type": "markdown",
   "source": [
    "## Define constants"
   ],
   "metadata": {
    "collapsed": false
   }
  },
  {
   "cell_type": "code",
   "execution_count": 5,
   "outputs": [],
   "source": [
    "PWDB_TEXTUAL_CLASS = ['title', 'background_info_description', 'content_of_measure_description',\n",
    "                      'use_of_measure_description', 'involvement_of_social_partners_description']\n",
    "\n",
    "DEFAULT_TEXTUAL_COLUMN = ['title']\n",
    "WINDOW = 5\n",
    "MIN_COUNT = 1\n",
    "VECTOR_SIZE = 300\n",
    "EPOCHS = 50\n",
    "EU_TIMELINE_TOTAL_EXAMPLES = 171\n",
    "IRELAND_TIMELINE_TOTAL_EXAMPLES = 410\n",
    "EU_CELLAR_TOTAL_EXAMPLES = 2653"
   ],
   "metadata": {
    "collapsed": false,
    "pycharm": {
     "name": "#%%\n"
    }
   }
  },
  {
   "cell_type": "markdown",
   "source": [
    "## Data preprocessing\n",
    "- data cleanup\n",
    "- turn corpus into spacy document"
   ],
   "metadata": {
    "collapsed": false
   }
  },
  {
   "cell_type": "code",
   "execution_count": 2,
   "outputs": [],
   "source": [
    "def apply_cleaning_functions(document_corpus: pd.Series) -> pd.Series:\n",
    "    \"\"\"\n",
    "    This function receives the document and leads through cleaning steps\n",
    "    Args:\n",
    "        document_corpus: dataset document corpus\n",
    "\n",
    "    Returns: clean document corpus\n",
    "    \"\"\"\n",
    "    unused_characters = [\"\\\\r\", \">\", \"\\n\", \"\\\\\", \"<\", \"''\", \"%\", \"...\", \"\\'\", '\"', \"(\", \"\\n\", \"*\", \"1)\", \"2)\", \"3)\",\n",
    "                         \"[\", \"]\", \"-\", \"_\", \"\\r\"]\n",
    "\n",
    "    new_document_corpus = document_corpus.apply(clean_text_from_specific_characters, characters=unused_characters)\n",
    "    new_document_corpus = new_document_corpus.apply(clean_fix_unicode)\n",
    "    new_document_corpus = new_document_corpus.apply(clean_remove_urls)\n",
    "    new_document_corpus = new_document_corpus.apply(clean_remove_emails)\n",
    "    new_document_corpus = new_document_corpus.apply(clean_remove_currency_symbols)\n",
    "    new_document_corpus = new_document_corpus.apply(clean_remove_stopwords)\n",
    "\n",
    "    return new_document_corpus"
   ],
   "metadata": {
    "collapsed": false,
    "pycharm": {
     "name": "#%%\n"
    }
   }
  },
  {
   "cell_type": "code",
   "execution_count": 3,
   "outputs": [],
   "source": [
    "class LanguageModelPipeline:\n",
    "    \"\"\"\n",
    "        This pipeline executes the steps for word2vec language training.\n",
    "    \"\"\"\n",
    "\n",
    "    def __init__(self, dataset_sources: List[Tuple[IndexTabularDataSource, List[str]]]):\n",
    "        \"\"\"\n",
    "            :param dataset_sources: represents the source of the datasets.\n",
    "        \"\"\"\n",
    "        self.dataset_sources = dataset_sources\n",
    "        self.documents_corpus = pd.Series()\n",
    "        self.word2vec = None\n",
    "\n",
    "    def download_datasets(self):\n",
    "        \"\"\"\n",
    "            In this step it will download the dataset and detect selected columns.\n",
    "            It can be downloaded as many datasets as there are in data source.\n",
    "        \"\"\"\n",
    "        self.dataset_sources = [(dataset_columns, dataset_source.fetch())\n",
    "                                for dataset_source, dataset_columns in self.dataset_sources]\n",
    "\n",
    "    def extract_textual_data(self):\n",
    "        \"\"\"\n",
    "            After downloading the datasets, the textual data will be found and and concatenated\n",
    "            with executing of several steps as well. It will fill the NaN values with empty space,\n",
    "            add a dot at the end of each concatenated column and reset the index.\n",
    "        \"\"\"\n",
    "        self.documents_corpus = pd.concat([dataset[columns]\n",
    "                                          .fillna(value=\"\")\n",
    "                                          .agg('. '.join, axis=1)\n",
    "                                          .reset_index(drop=True)\n",
    "                                           for columns, dataset in self.dataset_sources\n",
    "                                           ], ignore_index=True)\n",
    "\n",
    "    def clean_textual_data(self):\n",
    "        \"\"\"\n",
    "            The next step is data cleaning. In this step the function \"apply_cleaning_functions\"\n",
    "            applies the following actions:\n",
    "                - clean the document from specific characters\n",
    "                - delete unicode\n",
    "                - removes emails and URLs and currency symbols\n",
    "        \"\"\"\n",
    "        self.documents_corpus = apply_cleaning_functions(self.documents_corpus)\n",
    "\n",
    "    def transform_to_spacy_doc(self):\n",
    "        \"\"\"\n",
    "            When the document is clean, is going to be transform into spacy document\n",
    "        \"\"\"\n",
    "        self.documents_corpus = self.documents_corpus.apply(nlp)\n",
    "\n",
    "    def extract_features(self):\n",
    "        \"\"\"\n",
    "            To extract the parts of speech, below it was defined classes for each token is necessary.\n",
    "        \"\"\"\n",
    "        self.documents_corpus = pd.concat([self.documents_corpus,\n",
    "                                           self.documents_corpus.apply(document_atomization_noun_phrases)]\n",
    "                                          , ignore_index=True)\n",
    "\n",
    "        self.documents_corpus = self.documents_corpus.apply(lambda x: list(map(str, x)))\n",
    "\n",
    "    def model_training(self):\n",
    "        \"\"\"\n",
    "            When the data is prepared it's stored into Word2Vec model.\n",
    "        \"\"\"\n",
    "        self.word2vec = Word2Vec(sentences=self.documents_corpus, window=WINDOW,\n",
    "                                 min_count=MIN_COUNT, vector_size=VECTOR_SIZE)\n",
    "\n",
    "    def execute(self):\n",
    "        \"\"\"\n",
    "            The final step is execution, where are stored each step and it will be executed in a row\n",
    "        \"\"\"\n",
    "        self.download_datasets()\n",
    "        self.extract_textual_data()\n",
    "        self.clean_textual_data()\n",
    "        self.transform_to_spacy_doc()\n",
    "        self.extract_features()\n",
    "        self.model_training()"
   ],
   "metadata": {
    "collapsed": false,
    "pycharm": {
     "name": "#%%\n"
    }
   }
  },
  {
   "cell_type": "markdown",
   "source": [
    "## Experiment Nr#1 language model based on:\n",
    "- PWDB\n",
    "- eu-timeline\n",
    "- ireland-timeline"
   ],
   "metadata": {
    "collapsed": false,
    "pycharm": {
     "name": "#%% md\n"
    }
   }
  },
  {
   "cell_type": "code",
   "execution_count": 6,
   "outputs": [
    {
     "name": "stderr",
     "output_type": "stream",
     "text": [
      "100% (1288 of 1288) |####################| Elapsed Time: 0:00:00 Time:  0:00:00\n",
      "100% (171 of 171) |######################| Elapsed Time: 0:00:00 Time:  0:00:00\n",
      "100% (410 of 410) |######################| Elapsed Time: 0:00:00 Time:  0:00:00\n"
     ]
    }
   ],
   "source": [
    "dataset_sources_config = [\n",
    "    (Dataset.PWDB, PWDB_TEXTUAL_CLASS),\n",
    "    (Dataset.EU_ACTION_TIMELINE, DEFAULT_TEXTUAL_COLUMN),\n",
    "    (Dataset.IRELAND_ACTION_TIMELINE, DEFAULT_TEXTUAL_COLUMN)\n",
    "]\n",
    "model1_language_model_pipeline = LanguageModelPipeline(dataset_sources=dataset_sources_config)\n",
    "model1_language_model_pipeline.execute()"
   ],
   "metadata": {
    "collapsed": false,
    "pycharm": {
     "name": "#%%\n"
    }
   }
  },
  {
   "cell_type": "markdown",
   "source": [
    "## Experiment Nr#2 language model based on:\n",
    "- eu-cellar\n"
   ],
   "metadata": {
    "collapsed": false,
    "pycharm": {
     "name": "#%% md\n"
    }
   }
  },
  {
   "cell_type": "code",
   "execution_count": 7,
   "outputs": [
    {
     "name": "stderr",
     "output_type": "stream",
     "text": [
      "100% (2653 of 2653) |####################| Elapsed Time: 0:00:01 Time:  0:00:01\n"
     ]
    }
   ],
   "source": [
    "dataset_sources_config = [\n",
    "    (Dataset.EU_CELLAR, DEFAULT_TEXTUAL_COLUMN)\n",
    "]\n",
    "model2_language_model_pipeline = LanguageModelPipeline(dataset_sources=dataset_sources_config)\n",
    "model2_language_model_pipeline.execute()\n"
   ],
   "metadata": {
    "collapsed": false,
    "pycharm": {
     "name": "#%%\n"
    }
   }
  },
  {
   "cell_type": "code",
   "execution_count": 164,
   "outputs": [],
   "source": [
    "import spacy\n",
    "\n",
    "nlp = spacy.load('en_core_web_sm')\n",
    "doc = nlp(str(model2_language_model_pipeline.word2vec.wv.index_to_key))\n",
    "selected_pos = select_pos(doc, pos=['NOUN', 'ADJ'])"
   ],
   "metadata": {
    "collapsed": false,
    "pycharm": {
     "name": "#%%\n"
    }
   }
  },
  {
   "cell_type": "code",
   "execution_count": 165,
   "outputs": [],
   "source": [
    "selected_pos = list(map(str, selected_pos))"
   ],
   "metadata": {
    "collapsed": false,
    "pycharm": {
     "name": "#%%\n"
    }
   }
  },
  {
   "cell_type": "code",
   "execution_count": 169,
   "outputs": [],
   "source": [
    "key_words = ['work', 'agreement', 'working', 'companies', 'workers',\n",
    "             'measures', 'temporary', 'social', 'support', 'covid19',\n",
    "             '2020', 'public', 'national', 'ireland', 'statement', '2021',\n",
    "             'announce', 'health', 'minister', 'new', 'billion', 'coronavirus',\n",
    "             'vaccine', 'eur', 'support', 'milion', 'commission', 'eu']\n",
    "\n",
    "selected_key_words = [word for word in key_words if word in selected_pos]\n"
   ],
   "metadata": {
    "collapsed": false,
    "pycharm": {
     "name": "#%%\n"
    }
   }
  },
  {
   "cell_type": "code",
   "execution_count": 170,
   "outputs": [],
   "source": [
    "selected_pos_index = [model2_language_model_pipeline.word2vec.wv.index_to_key.index(token)\n",
    "                      for token in selected_key_words\n",
    "                      if token in model2_language_model_pipeline.word2vec.wv.index_to_key]"
   ],
   "metadata": {
    "collapsed": false,
    "pycharm": {
     "name": "#%%\n"
    }
   }
  },
  {
   "cell_type": "code",
   "execution_count": 171,
   "outputs": [],
   "source": [
    "selected_pos_embeddings = [model2_language_model_pipeline.word2vec.wv.vectors[index]\n",
    "                           for index in selected_pos_index\n",
    "                           ]\n"
   ],
   "metadata": {
    "collapsed": false,
    "pycharm": {
     "name": "#%%\n"
    }
   }
  },
  {
   "cell_type": "code",
   "execution_count": 104,
   "outputs": [],
   "source": [
    "def my_get_similarity_matrix(vector: np.ndarray, keys: list, metric: callable) -> pd.DataFrame:\n",
    "    \"\"\"\n",
    "        creates a dataframe based on keys and vectors from pretrained gensim model\n",
    "        and selected similarity function\n",
    "\n",
    "        :param vector: the object that contains the mapping between words and embeddings\n",
    "        :param keys: words indexes keys\n",
    "        :metric: metric distance formula\n",
    "        :return: dataframe with similarity of each word\n",
    "    \"\"\"\n",
    "    from sklearn.metrics import pairwise_distances\n",
    "    return pd.DataFrame(pairwise_distances(vector, metric=metric), columns=keys, index=keys)"
   ],
   "metadata": {
    "collapsed": false,
    "pycharm": {
     "name": "#%%\n"
    }
   }
  },
  {
   "cell_type": "code",
   "execution_count": 178,
   "outputs": [
    {
     "data": {
      "text/plain": "                work  agreement  companies   workers  measures  temporary  \\\nwork        1.000000   0.812539   0.984509  0.976312  0.807430   0.698546   \nagreement   0.812539   1.000000   0.786987  0.752484  0.655734   0.501508   \ncompanies   0.984509   0.786987   1.000000  0.981069  0.821679   0.719043   \nworkers     0.976312   0.752484   0.981069  1.000000  0.834405   0.716357   \nmeasures    0.807430   0.655734   0.821679  0.834405  1.000000   0.941955   \ntemporary   0.698546   0.501508   0.719043  0.716357  0.941955   1.000000   \nsocial      0.805139   0.816622   0.767181  0.679323  0.542091   0.499916   \nsupport     0.860553   0.689836   0.879759  0.851770  0.943511   0.949730   \ncovid19     0.765899   0.591029   0.779555  0.797937  0.971323   0.875181   \npublic      0.863771   0.781572   0.837203  0.898915  0.700999   0.525450   \nnational    0.927801   0.635486   0.901730  0.877136  0.750061   0.729909   \nstatement   0.782584   0.521180   0.820120  0.774741  0.669875   0.692556   \nhealth      0.989284   0.848532   0.981082  0.976618  0.792360   0.652789   \nnew         0.988844   0.848122   0.976985  0.946175  0.771282   0.666008   \nvaccine     0.871252   0.758327   0.850642  0.871856  0.885039   0.758634   \nsupport     0.860553   0.689836   0.879759  0.851770  0.943511   0.949730   \ncommission  0.741058   0.618220   0.793628  0.704600  0.658916   0.722910   \n\n              social   support   covid19    public  national  statement  \\\nwork        0.805139  0.860553  0.765899  0.863771  0.927801   0.782584   \nagreement   0.816622  0.689836  0.591029  0.781572  0.635486   0.521180   \ncompanies   0.767181  0.879759  0.779555  0.837203  0.901730   0.820120   \nworkers     0.679323  0.851770  0.797937  0.898915  0.877136   0.774741   \nmeasures    0.542091  0.943511  0.971323  0.700999  0.750061   0.669875   \ntemporary   0.499916  0.949730  0.875181  0.525450  0.729909   0.692556   \nsocial      1.000000  0.704762  0.482857  0.532659  0.761337   0.633479   \nsupport     0.704762  1.000000  0.875701  0.654038  0.847427   0.797872   \ncovid19     0.482857  0.875701  1.000000  0.667084  0.690444   0.576232   \npublic      0.532659  0.654038  0.667084  1.000000  0.691814   0.507468   \nnational    0.761337  0.847427  0.690444  0.691814  1.000000   0.841727   \nstatement   0.633479  0.797872  0.576232  0.507468  0.841727   1.000000   \nhealth      0.783912  0.827232  0.759381  0.900930  0.870600   0.726005   \nnew         0.873704  0.850910  0.725876  0.815713  0.908929   0.790190   \nvaccine     0.633406  0.834103  0.866906  0.811302  0.774210   0.622969   \nsupport     0.704762  1.000000  0.875701  0.654038  0.847427   0.797872   \ncommission  0.759495  0.844685  0.569314  0.482122  0.730077   0.720162   \n\n              health       new   vaccine   support  commission  \nwork        0.989284  0.988844  0.871252  0.860553    0.741058  \nagreement   0.848532  0.848122  0.758327  0.689836    0.618220  \ncompanies   0.981082  0.976985  0.850642  0.879759    0.793628  \nworkers     0.976618  0.946175  0.871856  0.851770    0.704600  \nmeasures    0.792360  0.771282  0.885039  0.943511    0.658916  \ntemporary   0.652789  0.666008  0.758634  0.949730    0.722910  \nsocial      0.783912  0.873704  0.633406  0.704762    0.759495  \nsupport     0.827232  0.850910  0.834103  1.000000    0.844685  \ncovid19     0.759381  0.725876  0.866906  0.875701    0.569314  \npublic      0.900930  0.815713  0.811302  0.654038    0.482122  \nnational    0.870600  0.908929  0.774210  0.847427    0.730077  \nstatement   0.726005  0.790190  0.622969  0.797872    0.720162  \nhealth      1.000000  0.980672  0.870412  0.827232    0.724520  \nnew         0.980672  1.000000  0.842126  0.850910    0.777196  \nvaccine     0.870412  0.842126  1.000000  0.834103    0.571364  \nsupport     0.827232  0.850910  0.834103  1.000000    0.844685  \ncommission  0.724520  0.777196  0.571364  0.844685    1.000000  ",
      "text/html": "<div>\n<style scoped>\n    .dataframe tbody tr th:only-of-type {\n        vertical-align: middle;\n    }\n\n    .dataframe tbody tr th {\n        vertical-align: top;\n    }\n\n    .dataframe thead th {\n        text-align: right;\n    }\n</style>\n<table border=\"1\" class=\"dataframe\">\n  <thead>\n    <tr style=\"text-align: right;\">\n      <th></th>\n      <th>work</th>\n      <th>agreement</th>\n      <th>companies</th>\n      <th>workers</th>\n      <th>measures</th>\n      <th>temporary</th>\n      <th>social</th>\n      <th>support</th>\n      <th>covid19</th>\n      <th>public</th>\n      <th>national</th>\n      <th>statement</th>\n      <th>health</th>\n      <th>new</th>\n      <th>vaccine</th>\n      <th>support</th>\n      <th>commission</th>\n    </tr>\n  </thead>\n  <tbody>\n    <tr>\n      <th>work</th>\n      <td>1.000000</td>\n      <td>0.812539</td>\n      <td>0.984509</td>\n      <td>0.976312</td>\n      <td>0.807430</td>\n      <td>0.698546</td>\n      <td>0.805139</td>\n      <td>0.860553</td>\n      <td>0.765899</td>\n      <td>0.863771</td>\n      <td>0.927801</td>\n      <td>0.782584</td>\n      <td>0.989284</td>\n      <td>0.988844</td>\n      <td>0.871252</td>\n      <td>0.860553</td>\n      <td>0.741058</td>\n    </tr>\n    <tr>\n      <th>agreement</th>\n      <td>0.812539</td>\n      <td>1.000000</td>\n      <td>0.786987</td>\n      <td>0.752484</td>\n      <td>0.655734</td>\n      <td>0.501508</td>\n      <td>0.816622</td>\n      <td>0.689836</td>\n      <td>0.591029</td>\n      <td>0.781572</td>\n      <td>0.635486</td>\n      <td>0.521180</td>\n      <td>0.848532</td>\n      <td>0.848122</td>\n      <td>0.758327</td>\n      <td>0.689836</td>\n      <td>0.618220</td>\n    </tr>\n    <tr>\n      <th>companies</th>\n      <td>0.984509</td>\n      <td>0.786987</td>\n      <td>1.000000</td>\n      <td>0.981069</td>\n      <td>0.821679</td>\n      <td>0.719043</td>\n      <td>0.767181</td>\n      <td>0.879759</td>\n      <td>0.779555</td>\n      <td>0.837203</td>\n      <td>0.901730</td>\n      <td>0.820120</td>\n      <td>0.981082</td>\n      <td>0.976985</td>\n      <td>0.850642</td>\n      <td>0.879759</td>\n      <td>0.793628</td>\n    </tr>\n    <tr>\n      <th>workers</th>\n      <td>0.976312</td>\n      <td>0.752484</td>\n      <td>0.981069</td>\n      <td>1.000000</td>\n      <td>0.834405</td>\n      <td>0.716357</td>\n      <td>0.679323</td>\n      <td>0.851770</td>\n      <td>0.797937</td>\n      <td>0.898915</td>\n      <td>0.877136</td>\n      <td>0.774741</td>\n      <td>0.976618</td>\n      <td>0.946175</td>\n      <td>0.871856</td>\n      <td>0.851770</td>\n      <td>0.704600</td>\n    </tr>\n    <tr>\n      <th>measures</th>\n      <td>0.807430</td>\n      <td>0.655734</td>\n      <td>0.821679</td>\n      <td>0.834405</td>\n      <td>1.000000</td>\n      <td>0.941955</td>\n      <td>0.542091</td>\n      <td>0.943511</td>\n      <td>0.971323</td>\n      <td>0.700999</td>\n      <td>0.750061</td>\n      <td>0.669875</td>\n      <td>0.792360</td>\n      <td>0.771282</td>\n      <td>0.885039</td>\n      <td>0.943511</td>\n      <td>0.658916</td>\n    </tr>\n    <tr>\n      <th>temporary</th>\n      <td>0.698546</td>\n      <td>0.501508</td>\n      <td>0.719043</td>\n      <td>0.716357</td>\n      <td>0.941955</td>\n      <td>1.000000</td>\n      <td>0.499916</td>\n      <td>0.949730</td>\n      <td>0.875181</td>\n      <td>0.525450</td>\n      <td>0.729909</td>\n      <td>0.692556</td>\n      <td>0.652789</td>\n      <td>0.666008</td>\n      <td>0.758634</td>\n      <td>0.949730</td>\n      <td>0.722910</td>\n    </tr>\n    <tr>\n      <th>social</th>\n      <td>0.805139</td>\n      <td>0.816622</td>\n      <td>0.767181</td>\n      <td>0.679323</td>\n      <td>0.542091</td>\n      <td>0.499916</td>\n      <td>1.000000</td>\n      <td>0.704762</td>\n      <td>0.482857</td>\n      <td>0.532659</td>\n      <td>0.761337</td>\n      <td>0.633479</td>\n      <td>0.783912</td>\n      <td>0.873704</td>\n      <td>0.633406</td>\n      <td>0.704762</td>\n      <td>0.759495</td>\n    </tr>\n    <tr>\n      <th>support</th>\n      <td>0.860553</td>\n      <td>0.689836</td>\n      <td>0.879759</td>\n      <td>0.851770</td>\n      <td>0.943511</td>\n      <td>0.949730</td>\n      <td>0.704762</td>\n      <td>1.000000</td>\n      <td>0.875701</td>\n      <td>0.654038</td>\n      <td>0.847427</td>\n      <td>0.797872</td>\n      <td>0.827232</td>\n      <td>0.850910</td>\n      <td>0.834103</td>\n      <td>1.000000</td>\n      <td>0.844685</td>\n    </tr>\n    <tr>\n      <th>covid19</th>\n      <td>0.765899</td>\n      <td>0.591029</td>\n      <td>0.779555</td>\n      <td>0.797937</td>\n      <td>0.971323</td>\n      <td>0.875181</td>\n      <td>0.482857</td>\n      <td>0.875701</td>\n      <td>1.000000</td>\n      <td>0.667084</td>\n      <td>0.690444</td>\n      <td>0.576232</td>\n      <td>0.759381</td>\n      <td>0.725876</td>\n      <td>0.866906</td>\n      <td>0.875701</td>\n      <td>0.569314</td>\n    </tr>\n    <tr>\n      <th>public</th>\n      <td>0.863771</td>\n      <td>0.781572</td>\n      <td>0.837203</td>\n      <td>0.898915</td>\n      <td>0.700999</td>\n      <td>0.525450</td>\n      <td>0.532659</td>\n      <td>0.654038</td>\n      <td>0.667084</td>\n      <td>1.000000</td>\n      <td>0.691814</td>\n      <td>0.507468</td>\n      <td>0.900930</td>\n      <td>0.815713</td>\n      <td>0.811302</td>\n      <td>0.654038</td>\n      <td>0.482122</td>\n    </tr>\n    <tr>\n      <th>national</th>\n      <td>0.927801</td>\n      <td>0.635486</td>\n      <td>0.901730</td>\n      <td>0.877136</td>\n      <td>0.750061</td>\n      <td>0.729909</td>\n      <td>0.761337</td>\n      <td>0.847427</td>\n      <td>0.690444</td>\n      <td>0.691814</td>\n      <td>1.000000</td>\n      <td>0.841727</td>\n      <td>0.870600</td>\n      <td>0.908929</td>\n      <td>0.774210</td>\n      <td>0.847427</td>\n      <td>0.730077</td>\n    </tr>\n    <tr>\n      <th>statement</th>\n      <td>0.782584</td>\n      <td>0.521180</td>\n      <td>0.820120</td>\n      <td>0.774741</td>\n      <td>0.669875</td>\n      <td>0.692556</td>\n      <td>0.633479</td>\n      <td>0.797872</td>\n      <td>0.576232</td>\n      <td>0.507468</td>\n      <td>0.841727</td>\n      <td>1.000000</td>\n      <td>0.726005</td>\n      <td>0.790190</td>\n      <td>0.622969</td>\n      <td>0.797872</td>\n      <td>0.720162</td>\n    </tr>\n    <tr>\n      <th>health</th>\n      <td>0.989284</td>\n      <td>0.848532</td>\n      <td>0.981082</td>\n      <td>0.976618</td>\n      <td>0.792360</td>\n      <td>0.652789</td>\n      <td>0.783912</td>\n      <td>0.827232</td>\n      <td>0.759381</td>\n      <td>0.900930</td>\n      <td>0.870600</td>\n      <td>0.726005</td>\n      <td>1.000000</td>\n      <td>0.980672</td>\n      <td>0.870412</td>\n      <td>0.827232</td>\n      <td>0.724520</td>\n    </tr>\n    <tr>\n      <th>new</th>\n      <td>0.988844</td>\n      <td>0.848122</td>\n      <td>0.976985</td>\n      <td>0.946175</td>\n      <td>0.771282</td>\n      <td>0.666008</td>\n      <td>0.873704</td>\n      <td>0.850910</td>\n      <td>0.725876</td>\n      <td>0.815713</td>\n      <td>0.908929</td>\n      <td>0.790190</td>\n      <td>0.980672</td>\n      <td>1.000000</td>\n      <td>0.842126</td>\n      <td>0.850910</td>\n      <td>0.777196</td>\n    </tr>\n    <tr>\n      <th>vaccine</th>\n      <td>0.871252</td>\n      <td>0.758327</td>\n      <td>0.850642</td>\n      <td>0.871856</td>\n      <td>0.885039</td>\n      <td>0.758634</td>\n      <td>0.633406</td>\n      <td>0.834103</td>\n      <td>0.866906</td>\n      <td>0.811302</td>\n      <td>0.774210</td>\n      <td>0.622969</td>\n      <td>0.870412</td>\n      <td>0.842126</td>\n      <td>1.000000</td>\n      <td>0.834103</td>\n      <td>0.571364</td>\n    </tr>\n    <tr>\n      <th>support</th>\n      <td>0.860553</td>\n      <td>0.689836</td>\n      <td>0.879759</td>\n      <td>0.851770</td>\n      <td>0.943511</td>\n      <td>0.949730</td>\n      <td>0.704762</td>\n      <td>1.000000</td>\n      <td>0.875701</td>\n      <td>0.654038</td>\n      <td>0.847427</td>\n      <td>0.797872</td>\n      <td>0.827232</td>\n      <td>0.850910</td>\n      <td>0.834103</td>\n      <td>1.000000</td>\n      <td>0.844685</td>\n    </tr>\n    <tr>\n      <th>commission</th>\n      <td>0.741058</td>\n      <td>0.618220</td>\n      <td>0.793628</td>\n      <td>0.704600</td>\n      <td>0.658916</td>\n      <td>0.722910</td>\n      <td>0.759495</td>\n      <td>0.844685</td>\n      <td>0.569314</td>\n      <td>0.482122</td>\n      <td>0.730077</td>\n      <td>0.720162</td>\n      <td>0.724520</td>\n      <td>0.777196</td>\n      <td>0.571364</td>\n      <td>0.844685</td>\n      <td>1.000000</td>\n    </tr>\n  </tbody>\n</table>\n</div>"
     },
     "execution_count": 178,
     "metadata": {},
     "output_type": "execute_result"
    }
   ],
   "source": [
    "sim_matrix =  my_get_similarity_matrix(selected_pos_embeddings,\n",
    "                      selected_key_words,\n",
    "                      metric=cosine_similarity)\n",
    "sim_matrix"
   ],
   "metadata": {
    "collapsed": false,
    "pycharm": {
     "name": "#%%\n"
    }
   }
  },
  {
   "cell_type": "code",
   "execution_count": 188,
   "outputs": [
    {
     "data": {
      "text/plain": "<Figure size 720x720 with 1 Axes>",
